name: insightengine
channels:
  - conda-forge
dependencies:
  - annotated-types=0.7.0=pyhd8ed1ab_1
  - bzip2=1.0.8=h0ad9c76_8
  - ca-certificates=2025.10.5=h4c7d964_0
  - colorama=0.4.6=pyhd8ed1ab_1
  - exceptiongroup=1.3.0=pyhd8ed1ab_0
  - iniconfig=2.0.0=pyhd8ed1ab_1
  - libexpat=2.7.1=hac47afa_0
  - libffi=3.4.6=h537db12_1
  - liblzma=5.8.1=h2466b09_2
  - libsqlite=3.50.4=hf5d6505_0
  - libzlib=1.3.1=h2466b09_2
  - mypy=1.18.2=py312he06e257_0
  - mypy_extensions=1.1.0=pyha770c72_0
  - openssl=3.5.4=h725018a_0
  - packaging=25.0=pyh29332c3_1
  - pathspec=0.12.1=pyhd8ed1ab_1
  - pip=25.2=pyh8b19718_0
  - pluggy=1.6.0=pyhd8ed1ab_0
  - psutil=7.1.0=py312he06e257_0
  - pydantic=2.11.10=pyh3cfb1c2_0
  - pydantic-core=2.33.2=py312h8422cdd_0
  - pygments=2.19.2=pyhd8ed1ab_0
  - pytest=8.4.2=pyhd8ed1ab_0
  - python=3.12.11=h3f84c4b_0_cpython
  - python_abi=3.12=8_cp312
  - ruff=0.13.3=h3e3edff_0
  - setuptools=80.9.0=pyhff2d567_0
  - tk=8.6.13=h2c6b04d_2
  - tomli=2.2.1=pyhe01879c_2
  - typing-extensions=4.15.0=h396c80c_0
  - typing-inspection=0.4.2=pyhd8ed1ab_0
  - typing_extensions=4.15.0=pyhcf101f3_0
  - tzdata=2025b=h78e105d_0
  - ucrt=10.0.26100.0=h57928b3_0
  - vc=14.3=h41ae7f8_31
  - vc14_runtime=14.44.35208=h818238b_31
  - vcomp14=14.44.35208=h818238b_31
  - wheel=0.45.1=pyhd8ed1ab_1

prefix: ./envs/insightengine
